StationID,OBJECTID,tripduration,latitude,longitude
79,1,849.0577233,40.71911552,-74.00666660999998
83,2,870.5902062,40.68382604,-73.97632328
116,3,691.85466,40.74177603,-74.00149745999998
120,4,1036.931034,40.68676793,-73.95928168
128,5,821.9788612999998,40.72710258,-74.00297088
137,6,915.0316373,40.761628,-73.972924
143,7,742.0103725,40.69239502,-73.99337909
146,8,838.4690897,40.71625008,-74.00910589999998
147,9,900.9660638,40.71542197,-74.01121978
151,10,860.9725522999998,40.72210379,-73.99724901
152,11,941.596523,40.71473993,-74.00910627
153,12,852.004618,40.75206231,-73.98163239999998
167,13,836.6749075,40.7489006,-73.97604882
168,14,676.1671638,40.73971301,-73.99456404999998
173,15,955.8430501,40.76068327,-73.98452729
195,16,1046.563608,40.70905623,-74.01043382
224,17,970.2752749,40.71146364,-74.00552426999998
228,18,851.1685209,40.7546011,-73.97187884999998
229,19,724.4626846999998,40.72743423,-73.99379025
232,20,1506.376276,40.69597683,-73.99014891999998
237,21,833.034355,40.73047309,-73.98672378
239,22,652.9822161,40.69196566,-73.98130179999998
241,23,748.3740522,40.68981035,-73.97493120999998
243,24,988.1661017,40.688226,-73.979382
247,25,865.3682195,40.73535398,-74.00483090999998
248,26,911.8806069,40.72185379,-74.00771779
249,27,829.2161359,40.71870987,-74.0090009
251,28,864.1755577,40.72317958,-73.99480011999998
252,29,779.4817276,40.73226398,-73.99852205
253,30,707.2910966,40.73543934,-73.99453948
254,31,769.3196544,40.73532427,-73.99800419
255,32,26617.05854,40.646768,-74.01650999999998
257,33,889.1497785,40.71939226,-74.00247213999998
258,34,930.407526,40.68940747,-73.96885458
259,35,1291.042152,40.70122128,-74.01234218
260,36,856.6469221999998,40.70365182,-74.01167796999998
261,37,991.6569987,40.69474881,-73.98362464
263,38,933.4881732,40.71759082,-73.9962244
264,39,986.9199187,40.70706456,-74.00731853
265,40,1035.402903,40.72229346,-73.99147535
267,41,865.8022402,40.75097711,-73.98765428
268,42,893.5753365,40.71910537,-73.99973337
274,43,811.5615228,40.68691865,-73.97668199999998
275,44,802.9736024999999,40.68650065,-73.96563306999998
276,45,843.1974426,40.71748752,-74.0104554
281,46,1334.031619,40.7643971,-73.97371465
284,47,691.8711284,40.73901691,-74.00263760999998
285,48,706.2361024000002,40.73454567,-73.99074142
295,49,885.3808562,40.71406667,-73.99293910999998
297,50,750.2517344,40.734232,-73.986923
298,51,840.0189781,40.68683208,-73.9796772
303,52,915.1066196,40.72362738,-73.99949601
304,53,1102.081938,40.70463334,-74.01361706
305,54,836.6843722999998,40.76095756,-73.96724467
306,55,911.5833042,40.70823502,-74.00530062999998
307,56,804.5335705,40.71427487,-73.98990025
309,57,1081.525318,40.7149787,-74.013012
310,58,1068.685196,40.68926942,-73.98912867
311,59,966.245224,40.7172274,-73.98802084
312,60,952.2510954,40.722055,-73.98911099999998
316,61,916.2961404,40.70955958,-74.00653608999998
319,62,1052.935061,40.711066,-74.00944699999998
320,63,757.47808,40.717571,-74.005549
321,64,1316.274987,40.69991755,-73.98971772999998
322,65,1335.466114,40.696192,-73.991218
323,66,1003.423963,40.69236178,-73.98631745999998
324,67,553.7697342,40.689888,-73.981013
326,68,801.4056008999999,40.72953837,-73.98426725999998
328,69,1023.122699,40.72405549,-74.00965965
329,70,911.8462332,40.72015227,-74.01036501
330,71,958.2735812,40.71450451,-74.00562789
331,72,881.4143322,40.71173107,-73.99193042999998
334,73,683.8935015,40.74238787,-73.99726235
335,74,685.9438007,40.72903917,-73.99404649
336,75,785.4851962,40.73047747,-73.99906065
337,76,1016.855615,40.7037992,-74.00838675999998
340,77,868.5516667,40.71269042,-73.98776323
345,78,627.0131164,40.73649403,-73.99704373999998
347,79,901.9314523,40.728846,-74.00859099999998
348,80,939.8595849,40.72490985,-74.00154702
350,81,884.2170151,40.71559509,-73.9870295
351,82,1156.317878,40.70530954,-74.00612572
352,83,732.3202614,40.76340613,-73.97722478999998
353,84,783.1402715,40.68539567,-73.97431458
355,85,879.4605533,40.71602118,-73.99974372
357,86,701.4632217,40.73261787,-73.99158043
359,87,775.7511594,40.75510267,-73.97498695999998
360,88,985.6891081,40.70717936,-74.00887308
361,89,883.3811765,40.71605866,-73.99190758999998
362,90,980.7692005,40.75172632,-73.98753523
363,91,1065.944158,40.70834698,-74.01713445
364,92,882.3969466,40.68900443,-73.96023854
365,93,1510.948242,40.68223166,-73.9614583
367,94,872.9439291,40.75828065,-73.97069431
368,95,830.9551585,40.73038599,-74.00214988
369,96,882.4729253,40.73224119,-74.00026393999998
376,97,907.3932014,40.70862144,-74.00722156
377,98,920.6819982,40.72243797,-74.00566442999998
379,99,732.7385073,40.749156,-73.9916
380,100,810.9585193,40.73401143,-74.00293877
382,101,700.2430042,40.73492695,-73.99200509
383,102,747.5515494,40.735238,-74.000271
384,103,1046.091537,40.683048,-73.964915
385,104,867.1858459999999,40.75797322,-73.96603308
386,105,1082.535971,40.71494807,-74.00234482
387,106,1371.834322,40.71273266,-74.0046073
390,107,945.6983278,40.69221589,-73.9842844
391,108,899.1070287999999,40.69760127,-73.99344558999998
392,109,1312.947177,40.695065,-73.987167
395,110,925.8256677,40.68807003,-73.98410637
396,111,1292.473154,40.68034242,-73.95576894
397,112,898.264574,40.68415748,-73.96922273
399,113,849.2969283,40.68851534,-73.9647628
401,114,926.5926141000001,40.72019576,-73.98997824999998
402,115,733.7066483999998,40.7403432,-73.98955109
406,116,1016.21188,40.69512845,-73.99595064999998
407,117,1167.910951,40.700469,-73.991454
409,118,957.8566929,40.6906495,-73.95643106999998
410,119,922.0076985,40.72066442,-73.98517977
412,120,1082.497506,40.7158155,-73.99422366
414,121,1361.349823,40.70281858,-73.98765761999998
415,122,927.5999308,40.7047177,-74.00926027
416,123,873.1415929,40.68753406,-73.97265183
417,124,942.988583,40.71291224,-74.01020234
420,125,807.4618834,40.68764484,-73.96968902
427,126,1307.585469,40.701907,-74.013942
428,127,974.5635314000001,40.72467721,-73.98783412999998
430,128,1077.255597,40.7014851,-73.98656928
433,129,842.1777118999998,40.72955361,-73.98057249
434,130,763.83867,40.74317449,-74.00366443
435,131,677.3780420000002,40.74173969,-73.99415555999998
436,132,1287.38674,40.68216564,-73.95399026
437,133,817.4612676,40.68098339,-73.95004797999998
440,134,849.9641026,40.75255434,-73.97282624999998
441,135,889.0520446,40.756014,-73.967416
442,136,781.1461219,40.746647,-73.993915
444,137,792.4752535999999,40.7423543,-73.98915076
446,138,706.1911812,40.74487634,-73.99529885
447,139,913.9362766,40.76370739,-73.9851615
449,140,843.9603853999998,40.76461837,-73.98789472999998
450,141,791.9224733999998,40.76227205,-73.98788204999998
453,142,694.850208,40.74475148,-73.99915362
456,143,862.366171,40.7597108,-73.97402311
457,144,1103.751636,40.76695317,-73.98169333
465,145,824.9783427,40.75513557,-73.98658032
466,146,702.3966132000002,40.74395411,-73.99144871
467,147,973.4304138,40.68312489,-73.97895137
468,148,864.1799254999999,40.7652654,-73.98192338
469,149,953.2901143,40.76344058,-73.98268129
470,150,800.0924817,40.74345335,-74.00004031
472,151,714.5931889,40.7457121,-73.98194829
473,152,903.9374619,40.72110063,-73.9919254
474,153,748.1574415999999,40.7451677,-73.98683076999998
475,154,674.9367580000002,40.73524276,-73.98758560999998
476,155,719.0640163000002,40.74394314,-73.97966069
477,156,779.4792538,40.75640548,-73.9900262
479,157,837.5282277999999,40.76019252,-73.9912551
482,158,647.9515571,40.73935542,-73.99931782999998
483,159,714.8670484,40.73223272,-73.98889957
484,160,833.1459082,40.75500254,-73.98014437
485,161,802.3195042999998,40.75038009,-73.98338988
486,162,819.1734977,40.7462009,-73.98855723
488,163,840.8447205,40.75645824,-73.99372221999998
490,164,791.7729977,40.751551,-73.99393399999998
491,165,654.3232487,40.74096374,-73.98602212999998
492,166,702.384072,40.75019995,-73.99093085
493,167,913.3297443,40.7568001,-73.98291152999998
494,168,824.4482989,40.74734825,-73.99723550999998
496,169,746.5269786999999,40.73726186,-73.99238966999998
497,170,759.5931280999998,40.73704984,-73.99009296
498,171,744.1935423999998,40.74854862,-73.98808416
499,172,1256.514541,40.76915505,-73.98191841
500,173,924.3587697,40.76228826,-73.98336183
503,174,706.0942162,40.73827428,-73.98751968
504,175,575.7894737,40.73221853,-73.98165557
505,176,794.047942,40.74901271,-73.98848395
509,177,697.9936832,40.7454973,-74.00197138999998
517,178,757.0709335,40.751581,-73.97790999999998
519,179,843.8786308999998,40.751873,-73.977706
520,180,903.0976815,40.75992262,-73.97648515999998
522,181,894.4434889,40.75714758,-73.97207836
523,182,871.7929094999998,40.75466591,-73.99138152
524,183,894.0021858,40.75527307,-73.98316936
526,184,800.9059476999998,40.74765947,-73.98490707
529,185,868.8589157,40.7575699,-73.99098506999998
531,186,826.1580566,40.71893904,-73.99266287999998
532,187,1298.316306,40.710451,-73.960876
533,188,884.1108941,40.75299641,-73.98721619
534,189,995.3623248,40.70255065,-74.0127234
537,190,687.9781041,40.74025878,-73.98409214
540,191,738.7706879,40.74311555,-73.98215353
546,192,742.0181818,40.74444921,-73.98303529
2000,193,1142.542623,40.70255088,-73.98940236
2003,194,691.1955556,40.73381219,-73.98054421
2004,195,944.9951303,40.724399,-74.004704
2006,196,1504.732141,40.76590936,-73.97634150999998
2008,197,1208.957556,40.70569254,-74.01677685
2010,198,919.51213,40.72165481,-74.00234736999998
2021,199,908.1073019,40.75929124,-73.98859650999998
2023,200,922.0971086,40.75968085,-73.97031366
3017,201,19042.33333,40.751483,-73.996764
3040,202,178.0,40.646678,-74.01626299999998
3041,203,1763.005935,40.67890679,-73.94142771
3042,204,2465.593625,40.6794268,-73.9298911
3043,205,1339.8223,40.6814598,-73.934903
3044,206,1246.906593,40.6800105,-73.93847499999998
3049,207,1275.045455,40.68488,-73.96304
3053,208,889.6038339,40.6900815,-73.94791499999998
3055,209,1480.484663,40.6883337,-73.950916
3056,210,968.0709534,40.69072549,-73.95133465
3060,211,877.9330254,40.69425403,-73.94626915
3062,212,763.5752033,40.69539817,-73.94954907999998
3063,213,824.7979003,40.69527008,-73.95238107999998
3064,214,1513.69848,40.69681963,-73.93756926
3065,215,846.6395062,40.70029511,-73.95032283
3066,216,978.9662379,40.69957608,-73.94708416999998
3067,217,895.2019385999998,40.7016657,-73.9437303
3068,218,1471.452005,40.7031724,-73.940636
3069,219,4377.65,40.70411791,-73.94818594999998
3070,220,810.6905829999998,40.70510918,-73.94407279
3071,221,821.4863388,40.70538077,-73.94976518999998
3072,222,995.4534413,40.70583339,-73.94644578
3073,223,1066.330606,40.70691254,-73.95441667
3074,224,1068.440576,40.70767788,-73.94016171
3075,225,1386.04918,40.70708701,-73.95796783
3077,226,815.4863281,40.70877084,-73.95095259
3078,227,708.4073811,40.70925562,-73.95982218
3080,228,1424.718293,40.70934,-73.95608
3081,229,1174.828885,40.711863,-73.944024
3082,230,845.7577399,40.71167351,-73.95141312
3083,231,1022.15759,40.71247661,-73.94100005
3084,232,777.1684717,40.71348658,-73.94792458
3085,233,893.1826452,40.71469,-73.95739
3086,234,701.1321807000002,40.715143,-73.944507
3087,235,651.1293413,40.71413311,-73.95234386
3088,236,2085.462604,40.7160751,-73.95202899999998
3090,237,631.3974398,40.71774592,-73.95600095999998
3092,238,845.6034998,40.7190095,-73.95852515
3093,239,623.1362398,40.71745169,-73.95850939
3094,240,832.5474453,40.7169811,-73.94485917999998
3099,241,736.7100592,40.7215224,-73.94898266
3100,242,716.3330585,40.72481256,-73.94752622
3102,243,692.2685285,40.72179134,-73.95041539999998
3107,244,761.7839,40.72311651,-73.95212324
3110,245,635.0309735,40.72708584,-73.95299117
3111,246,727.3409961999998,40.7258483,-73.95064893
3112,247,807.2643636,40.72906,-73.95779
3113,248,765.7812692999998,40.73026,-73.95394
3115,249,1006.247245,40.73232194,-73.9550858
3116,250,910.3986811,40.73266,-73.95825999999998
3119,251,742.2206061,40.74232744,-73.95411749
3121,252,1103.142395,40.74524768,-73.94733275999998
3122,253,872.1201043999998,40.74436329,-73.95587324999998
3123,254,1561.304965,40.74469738,-73.93540375
3125,255,776.1425597999998,40.74708586,-73.94977233999998
3126,256,957.8051708,40.74718234,-73.9432635
3128,257,1331.327434,40.75052534,-73.94594845
3129,258,1297.01792,40.75110165,-73.94073717
3131,259,887.1760243,40.7671284,-73.96224617999998
3132,260,907.0217484,40.76350532,-73.97109243
3134,261,887.7824773,40.76312584,-73.96526894999998
3135,262,913.7252044,40.77112927,-73.95772297
3138,263,2297.0,40.77440546,-73.96175264999998
3145,264,1197.159609,40.77862688,-73.95772073
3147,265,752.5218412,40.77801203,-73.95407149
3152,266,1019.106585,40.76873687,-73.96119944999998
3155,267,826.0117950999999,40.76440023,-73.96648976999998
3158,268,928.7911765,40.77163851,-73.98261428
3159,269,817.5903782,40.77492513,-73.98266565999998
3160,270,1369.221281,40.77896784,-73.97374737
3162,271,1231.937526,40.78339981,-73.98093133
3163,272,1334.086915,40.7734066,-73.97782542
3164,273,913.7176439,40.7770575,-73.97898474999998
3165,274,1379.945182,40.77579377,-73.97620573999998
3167,275,879.9749849999998,40.77966809,-73.98093045
3168,276,1410.071248,40.78472675,-73.96961715
3170,277,1009.315574,40.78499979,-73.97283405999998
3171,278,949.1646546,40.78524672,-73.97667321
3172,279,945.9216167,40.7785669,-73.97754960999998
3175,280,976.5159011,40.77748046,-73.98288594
3177,281,1168.917264,40.7867947,-73.977112
3178,282,1592.604177,40.78414472,-73.98362491999998
3179,283,885.4423077,40.698617,-73.941342
3222,284,723.3129920999999,40.6851596,-73.97711366
3223,285,955.6432452,40.75899656,-73.96865398
3224,286,794.0444781,40.73997354,-74.00513873
3226,287,1301.918047,40.78275,-73.97136999999998
3230,288,828.9972851,40.7512836,-73.99692446
3231,289,995.1142857,40.7678008,-73.96592081
3232,290,893.6318972,40.68962189,-73.98304269
3233,291,816.0474903,40.75724568,-73.97805914
3235,292,745.8872473,40.75216528,-73.97992193999998
3237,293,1701.133787,40.75383343,-73.94267678
3242,294,959.9546183000001,40.69102926,-73.99183363
3244,295,692.9483595,40.73143724,-73.99490342
3245,296,197.3684211,40.6466779,-74.01630342
3246,297,906.0763984,40.69428114,-73.99230033
3249,298,1192.256614,40.68035608,-73.9476791
3255,299,815.0369384,40.75058535,-73.99468482
3259,300,868.1381323,40.74937024,-73.99923384
3260,301,762.0954693,40.72706363,-73.99662137
3263,302,720.6347786,40.7292365,-73.99086803
3264,303,958.0331295,40.76421007,-73.96910459
3265,304,836.0392700999998,40.72456343,-73.98944378
3283,305,1071.802676,40.7882213,-73.97041561
3284,306,1231.429637,40.7814107,-73.95595908
3285,307,1028.874317,40.78839,-73.9747
3286,308,1108.301057,40.7806284,-73.9521667
3287,309,1400.014686,40.790261,-73.977131
3291,310,1845.40733,40.7933718,-73.97685115
3293,311,1053.006342,40.7921,-73.9739
3295,312,1363.192107,40.79127,-73.964839
3297,313,1260.149909,40.6686627,-73.97988067
3298,314,990.3410454,40.686371,-73.99383324
3300,315,1341.995086,40.66514682,-73.97637606
3301,316,1028.712088,40.7919557,-73.96808699999998
3302,317,1243.8,40.7969347,-73.96434123
3303,318,917.8275862,40.6849894,-73.99440328999998
3304,319,758.2705628,40.668127,-73.98377641
3306,320,1084.362637,40.6662078,-73.98199886
3307,321,1568.863415,40.7941654,-73.974124
3309,322,889.470696,40.7859201,-73.94860294
3313,323,1194.520629,40.6663181,-73.9854617
3314,324,1066.023849,40.7937704,-73.971888
3316,325,1114.400685,40.7989937,-73.96621738
3317,326,1219.185921,40.6686273,-73.98700053
3320,327,1524.897233,40.793393,-73.9635556
3322,328,1437.542146,40.668603,-73.9904394
3323,329,1355.839675,40.7981856,-73.9605909
3325,330,970.1131148,40.7849032,-73.950503
3327,331,925.7982196,40.7877214,-73.94728331
3328,332,993.2845361,40.795,-73.9645
3329,333,1021.102484,40.6829151,-73.99318207999998
3331,334,1759.17834,40.8013434,-73.97114573999998
3332,335,1523.333333,40.68199044,-73.99079025
3335,336,988.1676253,40.6772744,-73.98282002
3336,337,1096.88597,40.787801,-73.953559
3341,338,1412.871661,40.795346,-73.96186
3343,339,1184.42619,40.7997568,-73.96211287
3349,340,1437.735171,40.6729679,-73.97087983999998
3350,341,1341.690111,40.7973721,-73.97041192
3356,342,854.4597938,40.7746671,-73.98470566999998
3357,343,1350.89697,40.8008363,-73.96644924999998
3359,344,1270.881857,40.7691572,-73.96703463999998
3360,345,974.0600601000001,40.7829391,-73.9786517
3363,346,967.5864023,40.7904828,-73.95033067999998
3364,347,920.8536372,40.6751622,-73.9814832
3366,348,1316.00221,40.8021174,-73.96818053
3374,349,1539.154506,40.799484,-73.955613
3378,350,1075.511566,40.773763,-73.96222088
3379,351,1015.982955,40.7903051,-73.94755757
3381,352,1451.189873,40.6777287,-73.99364122999998
3382,353,1032.988423,40.680611,-73.99475825
3383,354,1458.208964,40.804213,-73.96699103999998
3384,355,861.5132274999999,40.6787242,-73.99599098999998
3390,356,2454.923349,40.79329668,-73.94320829999998
3397,357,1344.203608,40.6763947,-73.99869893
3398,358,954.3723724,40.6746957,-73.99785767999998
3399,359,1053.267857,40.67260298,-73.98983002
3400,360,1407.179586,40.7961535,-73.94782145
3402,361,923.6296296,40.6902375,-73.99203074
3403,362,985.5950521,40.6705135,-73.98876584999998
3404,363,1012.423927,40.6704922,-73.98541675
3409,364,1001.853437,40.6867443,-73.99063168
3410,365,1113.077537,40.6864442,-73.98759104
3414,366,1136.460993,40.68094472,-73.97567332
3415,367,1029.232303,40.6793307,-73.97519522999998
3416,368,1124.108707,40.6776147,-73.97324283
3417,369,1037.205773,40.6795766,-73.97854970999998
3418,370,1249.338526,40.6750207,-73.97111472999998
3419,371,985.1651376,40.6792788,-73.98154004
3421,372,797.9289215999999,40.6843549,-73.98901628999998
3423,373,1521.463748,40.66106337,-73.97945255
3424,374,1162.907317,40.791976,-73.945993
3427,375,870.608258,40.72430527,-73.99600983
3428,376,834.6392528,40.740983,-74.00170199999998
3429,377,834.779401,40.68506807,-73.97790759999998
3431,378,826.3169014,40.746524,-73.977885
3432,379,1461.127273,40.662987,-73.976918
3434,380,577.6666667,40.79025417,-73.9771834
3435,381,748.7222222,40.718822,-73.99595999999998
3436,382,547.1,40.721319,-74.01006499999998
